LONGITUDE	LATITUDE
-54,003644214	-25,406813811
-54,003644871	-25,406815517
-54,003642762	-25,406821901
-54,003637508	-25,406843061
-54,003634822	-25,406853051
-54,003632679	-25,406864985
-54,003631301	-25,406877835
-54,003629429	-25,406891312
-54,003633303	-25,406892014
-54,003629667	-25,406904978
-54,003627832	-25,406918327
-54,003626251	-25,406929894
-54,003623686	-25,40694233
-54,003619289	-25,406956154
-54,003615462	-25,406970592
-54,003612074	-25,406984694
-54,003605253	-25,407004415
-54,003601418	-25,407018609
-54,003598959	-25,407031721
-54,003596089	-25,407044559
-54,003591175	-25,407057675
-54,003587513	-25,407070738
-54,00358317	-25,407082872
-54,00357878	-25,407095507
-54,003573936	-25,407107737
-54,003568087	-25,40712044
-54,003563805	-25,407134527
-54,003558381	-25,407148314
-54,003553884	-25,407161276
-54,003548762	-25,407172947
-54,003542933	-25,407183673
-54,003535327	-25,407192997
-54,003525613	-25,407202061
-54,00351644	-25,407210395
-54,003505827	-25,407217854
-54,003494985	-25,40722524
-54,003483509	-25,4072322
-54,003470825	-25,407237523
-54,00345571	-25,407239453
-54,003441036	-25,407241512
-54,003427767	-25,407243231
-54,003412184	-25,407243545
-54,003397633	-25,407245118
-54,003382146	-25,407245657
-54,003366212	-25,407246492
-54,00334978	-25,407246174
-54,003332771	-25,407246078
-54,003324163	-25,407254075
-54,003308299	-25,407254923
-54,003292809	-25,407255596
-54,003278024	-25,407256234
-54,003263337	-25,407256838
-54,003249597	-25,407258478
-54,003228722	-25,407254094
-54,003214126	-25,407254799
-54,003199441	-25,407255758
-54,003184845	-25,407257301
-54,003168479	-25,407257242
-54,003151355	-25,407256496
-54,003135748	-25,407256529
-54,003131233	-25,407268852
-54,003117273	-25,407271567
-54,003092663	-25,40726218
-54,003077502	-25,407263435
-54,003063806	-25,407266054
-54,003049	-25,407268107
-54,003034526	-25,407270923
-54,003020803	-25,407274264
-54,003006975	-25,407276477
-54,002989495	-25,407276211
-54,002974616	-25,407277117
-54,002961509	-25,407278415
-54,00294663	-25,407281433
-54,002931991	-25,407283461
-54,002915557	-25,407282639
-54,002899528	-25,407283331
-54,002884217	-25,40728394
-54,002881788	-25,407298865
-54,002853357	-25,40728589
-54,00283902	-25,407287813
-54,002824238	-25,407290127
-54,002810801	-25,40729128
-54,00279839	-25,407293026
-54,002785909	-25,407296527
-54,002779033	-25,407305844
-54,002763234	-25,407307378
-54,002740677	-25,407300021
-54,002730972	-25,407303677
-54,00271957	-25,407302127
-54,002705565	-25,407301481
-54,002700555	-25,407305486
-54,002685332	-25,407309191
-54,002667491	-25,407316835
-54,002651807	-25,407321885
-54,002637106	-25,407326586
-54,002615757	-25,407322026
-54,002607345	-25,407330945
-54,00259967	-25,407342424
-54,00259477	-25,407355148
-54,002590644	-25,407367684
-54,00258426	-25,407378958
-54,00257644	-25,407390204
-54,002564463	-25,407398369
-54,002554079	-25,407404242
-54,002542989	-25,407410144
-54,0025317	-25,407417389
-54,002520119	-25,407421867
-54,002505531	-25,407423493
-54,002490839	-25,407424584
-54,002483684	-25,407434513
-54,002469478	-25,407436657
-54,002454802	-25,407439215
-54,002440489	-25,407441651
-54,002426246	-25,407443514
-54,002411976	-25,407445922
-54,002397938	-25,407447981
-54,002383353	-25,407449869
-54,002369538	-25,407451391
-54,002355797	-25,407453077
-54,002340774	-25,407453934
-54,002326254	-25,407453178
-54,002313195	-25,407450605
-54,002301117	-25,407448842
-54,002286916	-25,407446848
-54,002273183	-25,407446437
-54,002259483	-25,407446714
-54,002245254	-25,407447564
-54,00223106	-25,40744949
-54,002217369	-25,407454427
-54,002209722	-25,407465187
-54,002202995	-25,407475991
-54,002196239	-25,40748611
-54,002186909	-25,407492682
-54,002184652	-25,407503717
-54,002186443	-25,407514482
-54,002194349	-25,407518772
-54,00220128	-25,407528574
-54,0022083	-25,407538332
-54,002214907	-25,407545832
-54,002217123	-25,407556125
-54,002219073	-25,407567615
-54,002225661	-25,407577304
-54,002232749	-25,407586815
-54,002240599	-25,40759618
-54,002246397	-25,407604702
-54,002254065	-25,407612618
-54,00226098	-25,407620954
-54,0022668	-25,40763055
-54,00227087	-25,407640049
-54,002276263	-25,407649496
-54,002283877	-25,40765843
-54,002291211	-25,407668396
-54,002297085	-25,407679206
-54,002304014	-25,407689745
-54,002311303	-25,407700962
-54,002318242	-25,40771188
-54,002324351	-25,407723035
-54,002330321	-25,40773317
-54,002336854	-25,407743269
-54,002343103	-25,407754389
-54,00234871	-25,407764934
-54,002356052	-25,407776508
-54,002362522	-25,407787691
-54,002369698	-25,407798593
-54,002376958	-25,407809906
-54,002384261	-25,407821102
-54,002390796	-25,40783254
-54,002398361	-25,407843493
-54,002404351	-25,407855438
-54,002411863	-25,407866487
-54,002417841	-25,407876542
-54,002422124	-25,40789201
-54,002428646	-25,407900997
-54,00243463	-25,407911559
-54,002440913	-25,407922404
-54,002448009	-25,407933132
-54,002454373	-25,407944363
-54,002460363	-25,407955669
-54,00246594	-25,407967715
-54,002472272	-25,407979729
-54,002478924	-25,407991445
-54,002485588	-25,408002523
-54,002492104	-25,408014186
-54,002499117	-25,408025625
-54,002505753	-25,408037825
-54,002511885	-25,408049313
-54,002519283	-25,408060529
-54,002526461	-25,408072282
-54,002533368	-25,408084212
-54,002540398	-25,408095491
-54,002547176	-25,408107019
-54,002554508	-25,408118119
-54,002560983	-25,408129252
-54,002567512	-25,40814185
-54,002574722	-25,408153851
-54,002583061	-25,408165044
-54,002590295	-25,408175694
-54,002597389	-25,40818777
-54,002603924	-25,408199418
-54,002610718	-25,408210401
-54,002617087	-25,408221523
-54,002623883	-25,408232688
-54,002630567	-25,408244688
-54,002636471	-25,408257015
-54,002643344	-25,408268237
-54,00265059	-25,4082795
-54,002657279	-25,40829101
-54,002664169	-25,408302478
-54,002671414	-25,408312571
-54,00267703	-25,408323351
-54,002683259	-25,408334206
-54,002689597	-25,408344478
-54,002696489	-25,408354869
-54,002702808	-25,408364829
-54,002708553	-25,408375145
-54,002715772	-25,408386417
-54,002722581	-25,408397528
-54,002729137	-25,408408322
-54,002735456	-25,408419136
-54,002741951	-25,408429263
-54,002748862	-25,408439279
-54,002756004	-25,408450109
-54,002763079	-25,408460436
-54,002769717	-25,408471396
-54,002775678	-25,40848341
-54,002782411	-25,408494083
-54,002788721	-25,40850508
-54,002796043	-25,408516975
-54,00280463	-25,408528435
-54,002809376	-25,408539474
-54,002816613	-25,408550243
-54,002823953	-25,408561995
-54,002830489	-25,40857346
-54,002837604	-25,408584817
-54,002843899	-25,408595716
-54,002850393	-25,408606887
-54,00285775	-25,408618507
-54,002864103	-25,408630345
-54,002871694	-25,408642011
-54,002878221	-25,408654421
-54,002884453	-25,408666827
-54,002891063	-25,408677598
-54,002897439	-25,408689562
-54,002902589	-25,408702551
-54,002915249	-25,408703963
-54,002921876	-25,40871548
-54,002929039	-25,408727288
-54,002932195	-25,408744317
-54,002938274	-25,408756546
-54,002945188	-25,408768524
-54,002951869	-25,408780308
-54,002958589	-25,408791585
-54,002965366	-25,408802393
-54,002971802	-25,408813572
-54,00297828	-25,408824591
-54,002984927	-25,408835811
-54,002992202	-25,408846642
-54,002999956	-25,408857433
-54,003006134	-25,40886896
-54,003012828	-25,408880175
-54,003022012	-25,408884702
-54,003028377	-25,408894666
-54,003032484	-25,408907365
-54,003037979	-25,408917658
-54,003043777	-25,408927522
-54,003049505	-25,408938002
-54,003055784	-25,40894907
-54,003062305	-25,408960757
-54,003068599	-25,40897268
-54,003074003	-25,408984436
-54,00308034	-25,408995706
-54,003087701	-25,409007802
-54,003093624	-25,409019617
-54,003101396	-25,409031598
-54,003107515	-25,409043949
-54,003114363	-25,409056222
-54,003121059	-25,409067091
-54,003127898	-25,409078495
-54,003134119	-25,409090333
-54,003144772	-25,409094058
-54,003151233	-25,40910542
-54,003157013	-25,409116712
-54,003163616	-25,409127995
-54,003170634	-25,409138882
-54,003177471	-25,409150242
-54,003184425	-25,409161461
-54,003190996	-25,40917299
-54,003198179	-25,409184596
-54,003205895	-25,409196204
-54,003213004	-25,409207438
-54,003219981	-25,409218903
-54,003228236	-25,409230152
-54,003234561	-25,409242396
-54,003241368	-25,409253832
-54,003248397	-25,409265478
-54,003255562	-25,409277194
-54,003263297	-25,409289399
-54,003270726	-25,409301634
-54,003277339	-25,409314162
-54,00328467	-25,409326318
-54,00329184	-25,409338567
-54,003299191	-25,409350659
-54,003306442	-25,40936323
-54,003313888	-25,40937548
-54,003320984	-25,40938752
-54,003326435	-25,409403691
-54,003334112	-25,409416907
-54,003340502	-25,409428232
-54,00334673	-25,409439028
-54,003352809	-25,409451197
-54,003359377	-25,409463881
-54,003366061	-25,409475903
-54,00337626	-25,409481661
-54,003384069	-25,409494069
-54,003390394	-25,409505514
-54,003397628	-25,409517087
-54,003403971	-25,409527858
-54,003409946	-25,409537573
-54,003415386	-25,409548023
-54,003421489	-25,409560313
-54,003429647	-25,409574708
-54,003437894	-25,409588298
-54,003446158	-25,409600977
-54,003454289	-25,409613745
-54,003461536	-25,409626486
-54,003468472	-25,409638822
-54,003477068	-25,40965106
-54,003484586	-25,409662707
-54,003490983	-25,409674563
-54,003500754	-25,409684237
-54,003510019	-25,40969344
-54,003519233	-25,409704641
-54,003525784	-25,409716175
-54,003533263	-25,40972613
-54,003541458	-25,409735088
-54,003549789	-25,409742446
-54,0035564	-25,409748807
-54,003563813	-25,409748719
-54,003568716	-25,409742072
-54,0035715	-25,40973344
-54,003581892	-25,409727677
-54,00359269	-25,409720401
-54,003604679	-25,409715283
-54,003614353	-25,409718495
-54,003626201	-25,409710515
-54,003639133	-25,40970448
-54,003652073	-25,409699476
-54,003664058	-25,409693974
-54,003677299	-25,409687738
-54,003690026	-25,409681587
-54,003702889	-25,409675816
-54,00371435	-25,409670758
-54,003725826	-25,409665025
-54,003737486	-25,409659716
-54,003749442	-25,40965411
-54,003760769	-25,409648019
-54,003772408	-25,409642737
-54,003786003	-25,409635652
-54,00379855	-25,409629115
-54,003810414	-25,409622512
-54,003822799	-25,409616069
-54,003834194	-25,409610639
-54,003846409	-25,409605491
-54,003858536	-25,409599994
-54,003871081	-25,409594539
-54,003882546	-25,409588795
-54,003894128	-25,409582801
-54,003905548	-25,409577954
-54,003917398	-25,409572013
-54,003928886	-25,409566797
-54,00394051	-25,409561427
-54,003952674	-25,409556634
-54,003963856	-25,409552105
-54,003975428	-25,409546939
-54,003987728	-25,409542073
-54,003997911	-25,409537353
-54,004008389	-25,409533297
-54,004019932	-25,409528639
-54,004032184	-25,409523114
-54,004044288	-25,409517251
-54,004056551	-25,409511895
-54,004069006	-25,409506142
-54,004081182	-25,409500535
-54,004093861	-25,409494794
-54,004105922	-25,409490546
-54,00411668	-25,409485988
-54,004128658	-25,409480941
-54,004141562	-25,409475441
-54,004155521	-25,409470524
-54,004168707	-25,409464542
-54,004182321	-25,409459485
-54,004195053	-25,409453154
-54,004208427	-25,409446043
-54,004220889	-25,409439435
-54,004233857	-25,409433435
-54,004246991	-25,409427281
-54,004260545	-25,409420151
-54,004273242	-25,409414466
-54,00428423	-25,409410016
-54,004296624	-25,409403748
-54,004310836	-25,409396762
-54,004324427	-25,409389024
-54,004336965	-25,409383569
-54,004349214	-25,409377399
-54,004362277	-25,4093712
-54,004373993	-25,409364999
-54,004386318	-25,409358703
-54,004398211	-25,409353467
-54,004410373	-25,409346929
-54,004423322	-25,409340768
-54,004434904	-25,409333866
-54,004447035	-25,409327415
-54,004460208	-25,409321487
-54,004472741	-25,409315136
-54,004485184	-25,409308056
-54,004498745	-25,409301532
-54,004511388	-25,409295009
-54,004524057	-25,409288867
-54,004535979	-25,409282554
-54,004548283	-25,409275793
-54,004560886	-25,409269807
-54,004572874	-25,40926371
-54,004586677	-25,409257294
-54,004599621	-25,409251751
-54,004612789	-25,409245274
-54,004626218	-25,409239392
-54,004639108	-25,409233713
-54,004652569	-25,409227281
-54,004665795	-25,409221015
-54,004679027	-25,409214227
-54,004691949	-25,409208542
-54,00470568	-25,409202568
-54,004719722	-25,409196697
-54,004732741	-25,409191425
-54,004745816	-25,409185838
-54,004758728	-25,409179454
-54,004771298	-25,409173225
-54,004784056	-25,409167994
-54,004796703	-25,40916211
-54,004809449	-25,409156926
-54,004821631	-25,409151203
-54,004833862	-25,409145803
-54,004846715	-25,409140106
-54,004858869	-25,409134309
-54,004872421	-25,409127782
-54,004885833	-25,409121052
-54,004899241	-25,409115372
-54,004912414	-25,409109586
-54,00492572	-25,409103237
-54,004938124	-25,40909751
-54,004950481	-25,409091226
-54,004963344	-25,409085404
-54,004976833	-25,40907965
-54,004989817	-25,409073627
-54,005002933	-25,40906773
-54,005017213	-25,409061336
-54,005031435	-25,409053897
-54,005044002	-25,409047883
-54,005057303	-25,4090426
-54,005070113	-25,409036247
-54,005082394	-25,409029864
-54,005095707	-25,409023407
-54,005109593	-25,409017618
-54,005122522	-25,409011284
-54,005135353	-25,409004676
-54,005148604	-25,408998049
-54,005161803	-25,408991646
-54,005175216	-25,408985372
-54,005188009	-25,408979066
-54,00520148	-25,408972247
-54,005214044	-25,408965912
-54,005227415	-25,408959412
-54,005240486	-25,408953625
-54,005252696	-25,408947395
-54,00526553	-25,408941723
-54,005277843	-25,408935311
-54,005290136	-25,408929924
-54,005303718	-25,408923591
-54,005316541	-25,4089174
-54,005329083	-25,408910668
-54,005341448	-25,40890465
-54,005353823	-25,408897375
-54,005365778	-25,408889868
-54,005379795	-25,408883594
-54,005392291	-25,408877896
-54,005404451	-25,408872719
-54,005416893	-25,408867662
-54,0054268	-25,408862162
-54,005439972	-25,408858854
-54,005451869	-25,408856733
-54,00546312	-25,408853748
-54,005472612	-25,408849185
-54,00548545	-25,408845447
-54,005495823	-25,408839087
-54,005507517	-25,408832004
-54,005519215	-25,408824659
-54,005531694	-25,408816531
-54,005544337	-25,408808577
-54,005557788	-25,408801255
-54,005571322	-25,408794571
-54,005584647	-25,408788544
-54,005597163	-25,408782627
-54,005609921	-25,408776517
-54,005622889	-25,408770809
-54,005635705	-25,408765446
-54,005649182	-25,408758809
-54,005661893	-25,408752125
-54,005674951	-25,408745635
-54,005687882	-25,408739182
-54,005701305	-25,408732983
-54,005713939	-25,408726715
-54,005726859	-25,408720303
-54,005739839	-25,408713596
-54,005752215	-25,408707094
-54,005764564	-25,408700726
-54,005777436	-25,408694728
-54,00579033	-25,408688029
-54,005803033	-25,408681338
-54,005815735	-25,408674574
-54,005828487	-25,408668016
-54,005841064	-25,408662094
-54,005853194	-25,408655989
-54,005866018	-25,408649488
-54,005878395	-25,408643016
-54,005890481	-25,408637772
-54,005902941	-25,408631972
-54,005914662	-25,408626328
-54,005927708	-25,408620147
-54,005941819	-25,408613527
-54,005954296	-25,408606391
-54,0059667	-25,408600911
-54,005980141	-25,408595181
-54,005993312	-25,408589801
-54,006005898	-25,40858402
-54,006018135	-25,408579034
-54,006030683	-25,408573421
-54,006043622	-25,40856713
-54,006055797	-25,408563669
-54,006068891	-25,408560824
-54,006081055	-25,408556649
-54,006092111	-25,408551466
-54,006103377	-25,408544922
-54,006115532	-25,408539197
-54,006128575	-25,408533091
-54,00614053	-25,408527776
-54,006153437	-25,408522276
-54,006164967	-25,408516863
-54,006176595	-25,408511163
-54,006188582	-25,408505606
-54,006200904	-25,40850027
-54,006215909	-25,40849389
-54,006225382	-25,408491061
-54,006236981	-25,408484179
-54,006249241	-25,408479425
-54,006262029	-25,408473946
-54,00627482	-25,408467615
-54,006286854	-25,408462102
-54,006300314	-25,408455344
-54,006313408	-25,408449644
-54,006326826	-25,408444045
-54,006340502	-25,408438016
-54,006353953	-25,40843293
-54,006368077	-25,408427912
-54,006380473	-25,408425156
-54,006396191	-25,408421322
-54,006408984	-25,408415076
-54,006423225	-25,408410266
-54,006435687	-25,408403189
-54,006448142	-25,408397073
-54,006458848	-25,408388472
-54,006471525	-25,40838155
-54,006483759	-25,408373983
-54,006494314	-25,40836822
-54,006505248	-25,408363089
-54,006517614	-25,40835787
-54,006529881	-25,408351546
-54,00654101	-25,408347069
-54,00655271	-25,408343217
-54,006563652	-25,408338305
-54,006575613	-25,40832802
-54,00658836	-25,408320739
-54,006599104	-25,408317438
-54,006610346	-25,408313067
-54,006621334	-25,408307266
-54,00663282	-25,408301165
-54,006646148	-25,408296182
-54,006658645	-25,408289633
-54,006670706	-25,408283989
-54,006682331	-25,408279237
-54,006695632	-25,4082748
-54,006707554	-25,408268459
-54,006716614	-25,408259006
-54,006720777	-25,408246483
-54,00672198	-25,408233367
-54,006711187	-25,408224941
-54,006700373	-25,408218878
-54,006692376	-25,408210718
-54,006682721	-25,408202467
-54,006674583	-25,408193787
-54,006662302	-25,408188319
-54,006660429	-25,408189414
-54,006652426	-25,408180351
-54,006643816	-25,40817084
-54,006632185	-25,408162573
-54,006614028	-25,408145979
-54,006606032	-25,408135971
-54,006598568	-25,408125842
-54,006592108	-25,408114944
-54,006585876	-25,408105116
-54,006578124	-25,408095521
-54,006570702	-25,40808555
-54,006564236	-25,408075748
-54,006558098	-25,408065556
-54,006551475	-25,40805546
-54,006544431	-25,408044785
-54,006538215	-25,408034416
-54,006532113	-25,408023852
-54,006526445	-25,408014116
-54,006520498	-25,408003458
-54,006514023	-25,407994248
-54,006506956	-25,407983182
-54,006500559	-25,407972427
-54,006494563	-25,40796193
-54,006489793	-25,407951802
-54,00648321	-25,407941824
-54,006476523	-25,407930985
-54,006471011	-25,407920001
-54,006464228	-25,407910134
-54,006457008	-25,407899347
-54,006451229	-25,407887809
-54,006445819	-25,407877333
-54,006439848	-25,40786665
-54,006432693	-25,407856547
-54,006426167	-25,407844896
-54,006419633	-25,40783344
-54,006413078	-25,40782248
-54,006405398	-25,407812384
-54,006399007	-25,407800131
-54,006392809	-25,407789239
-54,006386974	-25,407777598
-54,00638134	-25,407765654
-54,006375643	-25,407754456
-54,006370304	-25,407743302
-54,006364984	-25,40773158
-54,006359673	-25,407720687
-54,006353249	-25,407709998
-54,006346225	-25,407698911
-54,006339126	-25,407688138
-54,006333629	-25,407676782
-54,006327051	-25,407665138
-54,006319999	-25,407653643
-54,006313439	-25,407642864
-54,006307069	-25,407632825
-54,006300361	-25,407622023
-54,006293821	-25,407611147
-54,006288551	-25,407600501
-54,006283694	-25,407590437
-54,006277029	-25,407579991
-54,006269657	-25,407568909
-54,006261366	-25,40755786
-54,006254017	-25,407546483
-54,006245632	-25,407533846
-54,006239193	-25,407522577
-54,006233431	-25,407511374
-54,006226036	-25,407500074
-54,006218929	-25,40748864
-54,006213198	-25,407476919
-54,006206518	-25,40746548
-54,006198993	-25,407453999
-54,006191878	-25,407442185
-54,006185225	-25,407429679
-54,006178355	-25,40741779
-54,006170849	-25,407405478
-54,006164762	-25,407393129
-54,006158162	-25,407382148
-54,006151718	-25,407370043
-54,006145374	-25,407358688
-54,006138456	-25,407347399
-54,006131616	-25,407335861
-54,006124937	-25,407323629
-54,006117594	-25,407311735
-54,006111833	-25,407299016
-54,006107039	-25,407286674
-54,006101796	-25,407274875
-54,006095278	-25,407263102
-54,006088507	-25,407251334
-54,00608205	-25,407240418
-54,006074716	-25,407229299
-54,006068031	-25,407218041
-54,006062135	-25,407206792
-54,006048392	-25,40718485
-54,006041477	-25,40717417
-54,006034956	-25,407163734
-54,006028384	-25,407153086
-54,0060221	-25,407142757
-54,006015256	-25,407132493
-54,006008731	-25,407121705
-54,006001888	-25,407111323
-54,005994917	-25,407100986
-54,005989158	-25,407092106
-54,005983014	-25,40708183
-54,005976747	-25,407070412
-54,005970539	-25,407059508
-54,005964258	-25,40704787
-54,005957832	-25,40703651
-54,005951619	-25,407025535
-54,005945117	-25,407014534
-54,005937074	-25,407003074
-54,00593025	-25,40699064
-54,005924174	-25,406978552
-54,005917691	-25,406966577
-54,005911732	-25,406955345
-54,005905432	-25,406943629
-54,005899565	-25,406931937
-54,005894327	-25,406920789
-54,005888035	-25,406909629
-54,005880635	-25,406897963
-54,0058742	-25,406885569
-54,00586828	-25,406872836
-54,005862931	-25,406860798
-54,005857419	-25,406849481
-54,005852129	-25,406837405
-54,005846402	-25,406825036
-54,005840183	-25,406813327
-54,005834035	-25,406802319
-54,005827778	-25,406790835
-54,005820944	-25,406778812
-54,005814323	-25,4067675
-54,005806672	-25,406755859
-54,005798372	-25,406745162
-54,005791288	-25,406732859
-54,005784156	-25,406720945
-54,005777611	-25,406708633
-54,005771248	-25,406696228
-54,005764135	-25,406685283
-54,00575855	-25,406673847
-54,005752611	-25,406660448
-54,005744749	-25,406648872
-54,00573719	-25,406636614
-54,005730739	-25,406624177
-54,00572387	-25,406611667
-54,005717088	-25,406599104
-54,005710196	-25,406586947
-54,005702941	-25,40657527
-54,005695079	-25,406563304
-54,005688473	-25,406550829
-54,005682167	-25,406538322
-54,005675641	-25,406527348
-54,005669665	-25,406514978
-54,005662324	-25,406503675
-54,005653797	-25,406492401
-54,005647275	-25,406480379
-54,005633871	-25,406455926
-54,005626656	-25,40644397
-54,005619734	-25,406431955
-54,005612768	-25,406419832
-54,005605181	-25,406408412
-54,005595504	-25,406396336
-54,005588108	-25,406384733
-54,005581442	-25,406372671
-54,005574939	-25,406361662
-54,005567191	-25,406350582
-54,005559184	-25,406339585
-54,005551024	-25,406329159
-54,005543987	-25,40631885
-54,005536736	-25,406307594
-54,005528835	-25,406296634
-54,005521811	-25,40628634
-54,005512859	-25,406277301
-54,005501902	-25,406269088
-54,005491112	-25,406259378
-54,005479709	-25,406249848
-54,005468537	-25,406240535
-54,005458394	-25,406231782
-54,005447895	-25,406224201
-54,005436804	-25,406216972
-54,005425583	-25,406209605
-54,005415443	-25,40620265
-54,005404826	-25,406196477
-54,005394348	-25,406191714
-54,005381492	-25,406187543
-54,00537089	-25,406183479
-54,005358606	-25,406181065
-54,00534732	-25,406178978
-54,005335779	-25,406177553
-54,005323375	-25,406176953
-54,005309572	-25,406178369
-54,005297385	-25,406180343
-54,0052847	-25,406182909
-54,005271144	-25,406185478
-54,005257941	-25,406189672
-54,005244557	-25,406195555
-54,005231694	-25,406200652
-54,005218518	-25,406205635
-54,005205814	-25,406211296
-54,005192751	-25,406217632
-54,005180019	-25,406222603
-54,005167697	-25,406228432
-54,005155391	-25,406234561
-54,005142328	-25,40624113
-54,005129329	-25,406246724
-54,00511627	-25,406253276
-54,005103714	-25,406260455
-54,005091337	-25,406267515
-54,005078926	-25,406274352
-54,005066559	-25,406280847
-54,005055206	-25,406287578
-54,005045145	-25,406290889
-54,005033553	-25,406298007
-54,005022117	-25,406302071
-54,005011634	-25,406302769
-54,005000562	-25,406306529
-54,004988762	-25,40631246
-54,004975181	-25,406321368
-54,004947827	-25,406334052
-54,004933797	-25,406341392
-54,004921346	-25,40634678
-54,004908651	-25,406352266
-54,00489564	-25,406358362
-54,004882609	-25,406365335
-54,00487102	-25,406372306
-54,004857824	-25,406377903
-54,004844596	-25,406382654
-54,004830156	-25,406387925
-54,004817736	-25,406392824
-54,004806565	-25,406398114
-54,0047927	-25,406402961
-54,004780461	-25,406407759
-54,004767081	-25,406412869
-54,004753738	-25,406417764
-54,004741159	-25,40642267
-54,004727852	-25,406427521
-54,004713385	-25,406432063
-54,004699838	-25,406435545
-54,004686458	-25,406440482
-54,004673289	-25,406445616
-54,004659641	-25,406450413
-54,004644773	-25,406455497
-54,004630644	-25,406460163
-54,004616675	-25,406464123
-54,004604328	-25,406467598
-54,004591063	-25,406471157
-54,004576905	-25,406475064
-54,004563173	-25,406479688
-54,004548969	-25,406484413
-54,004534706	-25,406488566
-54,004521874	-25,406492271
-54,004507969	-25,406496242
-54,004493967	-25,40650037
-54,004480225	-25,406504012
-54,004467008	-25,406507934
-54,004453184	-25,406511844
-54,004439932	-25,406516087
-54,004427786	-25,40652019
-54,004413535	-25,40652483
-54,004398836	-25,406529382
-54,004385209	-25,406532434
-54,004371802	-25,406536151
-54,004357886	-25,406541165
-54,004343835	-25,406546763
-54,004330341	-25,406551855
-54,004316088	-25,406556394
-54,004302986	-25,406559605
-54,004290096	-25,406563373
-54,004276692	-25,406568019
-54,004264053	-25,406571748
-54,004250496	-25,406575511
-54,00423767	-25,406579881
-54,004224166	-25,406584999
-54,004210914	-25,406589582
-54,004196399	-25,406592794
-54,00418376	-25,406595479
-54,004169911	-25,406599367
-54,004154963	-25,406604162
-54,004141679	-25,4066082
-54,004128898	-25,406612081
-54,004115644	-25,406617484
-54,004102493	-25,406622754
-54,004089273	-25,406627362
-54,004074736	-25,406630879
-54,004062367	-25,40663453
-54,004048957	-25,406638601
-54,004035745	-25,406643975
-54,004022279	-25,406649028
-54,004007699	-25,406652915
-54,003994437	-25,406656351
-54,003981452	-25,406660058
-54,00396876	-25,406663798
-54,003955609	-25,406666874
-54,003941969	-25,406671436
-54,003928458	-25,40667698
-54,003913259	-25,406681487
-54,003899975	-25,406684757
-54,003886793	-25,406688256
-54,003873791	-25,40669357
-54,00386065	-25,406698185
-54,00384667	-25,406703441
-54,003832533	-25,406709197
-54,003818747	-25,406713505
-54,003805236	-25,40671847
-54,003790526	-25,406723702
-54,003776375	-25,40672759
-54,003762892	-25,406731242
-54,003748893	-25,406736352
-54,003735198	-25,406742302
-54,003721342	-25,406747395
-54,003707612	-25,406750887
-54,003694934	-25,406753578
-54,003684042	-25,406757711
-54,003672777	-25,40676399
-54,003662566	-25,406770037
-54,003654543	-25,406772985
-54,003654331	-25,406772285
-54,003644214	-25,406813811